100
4
1332
4
9583
3
616
10
1029384756
97
6645455456646455664454655545664665544546545546455656654645656444554646646545565566465554655466456
94
0220212201021010111020202002220012110022112211102001001021201112212120011221201120122022201100
93
444435435454554344444334445435334354343334335344453455534435333354335344455433353543443454544
90
887877788788787778878777878887878878787877878878787778888877787777888888887887877888887778
100
0987654321098765432109876543210987654321098765432109876543210987654321098765432109876543210987654321
5
19091
100
2122212121221111212212212122112122211212221111121222211112221111112212121211122112221222112221212121
96
989888889989889899898999889899888888988898889898899999889988898989899899989889988899998988988888
100
6355753672546754672475357324334376325555557477576477274526763356744767337465544242672663353472577456
100
4232972589699559645758299281561916525723615437757723291285547447335195525883359328235241129694849964
100
4817231547118372788192772288788548293513667719987768689974388891651377351352524572483432718326262965
93
334224321111234130020400300320010112004012100422233244124014120210320230121022112120320011404
94
7877778788777778877788877788878878787888787877787877887887888788788788878777878878887788878888
91
5377378746758677858834636637673556833767586754576837484545778653753768774358678647555766563
96
777776776777777776767767676666777666776767676776667766666667666766777667766666767777677666666767
93
544454445445445455554545544545554445455544555545444555555555454554545554444555554544445455554
94
3364344333444556344563365553433433534544663665434345463646335433533455355665554364556665643563
100
7553464225252276452572547473464253362237535633437224563622722766777665563564533754567237576743653325
91
6775345446657337534757335335674755544334746547665667533343734456446336343554734535535433666
91
2000230300113020103223002201300033031333220132211031312022103200103233200221123123031232100
91
2315744463467765125564726742437634346212352247642176332121162472245711641523462465773742322
7
9000555
95
33552224322344652462644636633226266242532653323523453534653565625325453323422435626645662546265
2
00
91
6886588868566667576867676586587757666656788888857577588787886565578588578676858888878578876
92
61522632251625454512452412135642314236332225221141235451543135433513155233646134361431643424
100
2332341532423322524431254121155111334342514521334432452335125213553534115352422552343143422221555412
91
1112112121212221122221222122112122211111221211122211221111212221111221121211122222221112111
97
6535387785433648347567763855378766466847443486578883468677755476348868548567548335476463733668546
96
878996896988666877999969869666676967788676686866766876996796899899887699886789697678697987996899
91
8877778888677678668868677867878766766766666886887877866667868768767686768786787888668676668
2
10
15
222229888888811
91
8975699885468487476849997597787584789997444679748946784668448798555979895559957644457749794
95
55553325514451331356531536612316315252341613354546515265454653656163155155425223252455633445131
93
349918647551642548136727226723164536673535322997721673618272229992912733914382541462658939231
97
3333332332222233232323222223223233222323333333332223222322332233322222332232233332223333223323323
96
767767767777676666766666767666677677666677666776767776766677667777777666766677767677676666667666
98
86766787778877876678778867667867776668786666777888777788788888686768876887667667777878876686667866
100
5444445554544554545455455544544544445455555554455544454454445455454455544544554444554545445454445454
100
2142232124311142131223321241444211341211122314121342331421424123111413244324222414314232141212111113
3
001
96
556666666556566565566666565656556555566655666665665566556666666656655556556555556565656566666666
93
241556311562564531352656441235453526225653464212466642453543235342154661213366115521136631561
99
575755566557676755576675756575555567777577676665776676555567656655765755577676665575677755556657656
91
5551151151353115134551512151213545444214152515122325352433311512521141133515342245223425142
95
44563573563673346564466576373374763344637355733764735346754445554734456377665343675767465455343
95
74217528582814673867213786557118766483275474672342875422166348778377346178725222548868133424552
92
22954837558997473874486929943833542424953963634669835969594773863526823293765468982966548454
96
452145552121523351511223664611142453266613554562366133155124313535556533321534462165251352563233
93
534321513141531535113644444343746527644626715172657732516476635511416775652437473153655516513
98
89998999989988988988988888888998988998888899898889899998889988989888998888888898888898999889889899
90
979824299483511846146262969344122214287316957411751697233196252411128527895923774649464257
97
6786885988499988495555478595878759786496688548998686697479858589474445978488567956997759754599577
91
6226362411116185278353822835566713865116757534117273183222257464866326642555337421256765655
100
9999999999999999999999999999999999999999999999999999999999999999999999999999999999999999999999999999
91
7758676554464548573855373557745588654438846644557686334876633877843484763788783746634654477
95
32033133033020331213300122112001322020202112222312210111032230131101103133100033213102220323010
100
3022132122333023121023323210201113223020212002310032033023123111301003102331030031221010033103221313
3
011
100
0000000000111111111122222222223333333333444444444444444444443333333333222222222211111111110000000000
100
0000000000000000000000000000000000000000000000000000000000000000000000000000000000000000000000000000
100
0123456789012345678901234567890123456789012345678901234567890123456789012345678901234567890123456789
96
677666767667676676776777676776767676667677776767677677676666677767777777667776766676777667776666
97
2213202231111213032231010120330111331111230200021220101221220102032333123032221002311123300233313
100
5216414812131454172278255622473423355384636266557782747545853815141447836122646245413316623577238747
99
633664446633534435546566635666663333543333436444334366433655445666565336366546345334563565556545553
92
63615114565654342621644543143135532534226334412626311533625223445664264164235221224543344525
91
2164232054424405020166264344112164643643021104516364154622061022224662333616261412616355303
90
745634555676734142662716711455721737363737524535112727637731765537545353166472417156171715
95
34647457225376343455352642427273224553572363272773454474374523346325655767653265632625227342662
95
66677676676677677766767776676776776676777767776766767776667677777677777676677677676776677666777
3
211
93
758668888958767778885888766598898666698997778866568596897969668876866975668767599877987865697
97
7878978777999888979997778799977989799997889777777789879898897877799778989999877779898789998998798
90
577556755677757666567655675555567775756565766556765776555566556555656555667667566767767666
100
3414997634322194913159743192438295671811914958764165624748342286148262222659111756812899382827956693
90
662443344522542522223554622246433434432226245226346634555544233456552652455235464553224656
90
112222210132402023033102423401444033223112444434211343103223340113033322001211242214311334
96
322422442443433342232342444332222343243434242332422322323322233243234442342224322222344334334423
100
4322414222422411424211142223244413224123243213441221424214211341144223124121331342112211234311213144
94
4333344343343444434334344444333433444344444343434333434434333434433334444333334434444434334344
93
263532646365115123654111543562233365524435313621464612355446456223465235621346646425451464614
93
836829434152871414194518927165845899929379377568551688232488546635155678182556665838855122392
3
112
95
22243134441223112224442241343344322424413232431321124213434123313141421343122144342221321433144
99
587878567865959888996697865779598577687686765865995569857755656779899589777656997797589756559588958
2
01
100
5424300122414550002323201343414031055403541554232015003032151125124545250050001305515554250231415044
99
583269924970740792115450898767876915244761358784497312138380016234919145214278466732726267155912382
95
88988888999998898999999999989999999888888998989889998899989999989898999989889888889988898899888
3
110
93
554444435454356333554434656663564553644453663456636365643664463645536445564436663664355646465
95
25473773251731331627713522411527677143635612126512753336412173416267334526453763362226344371667
97
6156288567736444353519842424818416929551478492366855574289976647968846591956261186694288789832426
95
99798969978699677977688766897987669888999698776967689977976987899986799888969988986867669988799
